CC, CD, DD, DC
19,29,29,23
19,29,29,23
15,28,23,19
18,25,20,22
17,25,21,20
19,23,23,20
18,24,25,21
17,22,22,19
14,19,22,17
12,17,23,16
12,13,24,17
12,10,22,17
14,12,21,18
11,13,21,17
13,15,21,17
11,17,21,16
10,14,20,16
11,15,19,16
12,12,19,14
12,15,21,13
11,15,19,14
8,14,18,15
6,12,21,16
8,13,19,16
8,12,19,15
10,13,21,15
8,10,24,15
9,10,22,13
8,8,21,15
9,7,22,14
10,8,23,14
14,7,24,17
14,8,25,18
13,9,25,18
10,8,23,20
12,7,21,21
15,6,24,22
14,8,19,22
17,7,21,20
15,6,23,22
14,5,21,22
15,4,22,22
17,6,23,26
17,7,24,28
16,8,21,28
15,7,19,28
15,10,20,29
13,10,25,29
13,10,23,26
15,12,23,24
16,11,22,24
17,10,21,26
15,12,21,25
15,12,20,28
13,11,20,27
11,12,21,31
9,13,20,29
8,15,20,31
7,19,23,30
9,19,20,28
11,21,17,29
10,22,18,27
9,22,18,26
9,24,13,26
12,25,12,24
10,26,14,24
9,26,16,25
11,23,17,24
10,22,17,24
8,21,23,22
8,18,19,22
7,20,16,24
6,25,18,25
8,24,18,29
6,22,19,28
7,22,19,29
6,20,17,26
6,19,21,26
4,19,23,29
4,21,19,26
4,24,20,23
4,21,18,25
7,19,21,24
8,19,18,24
9,18,16,24
11,14,17,26
11,15,17,23
11,16,15,25
11,13,18,27
10,15,15,33
11,15,14,27
11,17,13,29
12,18,14,27
11,17,14,28
9,19,15,26
11,18,18,23
12,21,20,25
12,19,17,31
12,17,17,29
12,20,19,29
15,20,17,32
13,21,16,29
14,19,16,27
14,17,17,29
13,16,15,33
12,17,15,33
11,15,15,35
14,19,13,38
12,18,13,36
14,18,13,36
15,15,14,34
16,17,14,32
16,15,13,33
19,16,10,37
16,19,9,33
17,16,10,32
19,18,10,32
16,17,11,32
17,16,11,33
19,11,10,33
20,9,10,33
18,9,11,33
16,10,13,31
18,10,13,36
16,11,14,32
14,13,14,35
15,13,14,38
14,16,14,35
12,17,15,30
15,17,15,31
16,18,14,32
17,17,14,31
19,17,16,29
20,16,16,32
18,17,18,30
16,19,16,28
16,18,15,27
17,17,16,24
18,18,16,22
17,22,18,23
17,19,17,24
17,21,18,26
18,22,16,19
17,19,16,18
18,20,14,19
15,19,17,19
17,18,16,18
16,23,17,16
17,24,19,18
17,25,18,20
18,25,15,19
21,24,15,18
20,29,15,16
21,30,15,17
17,28,13,15
17,29,13,15
15,29,15,16
14,28,15,15
16,25,13,15
16,20,14,15
15,20,18,13
16,16,21,15
12,18,17,14
13,20,23,16
14,22,25,16
15,22,25,17
17,19,23,18
14,19,22,15
15,20,23,16
14,20,23,16
15,19,25,17
14,15,26,16
14,16,28,16
16,15,25,12
16,18,24,12
12,17,25,11
10,17,25,12
10,16,25,12
11,18,22,16
10,19,23,16
10,21,19,15
11,18,17,17
10,17,17,16
13,16,16,12
17,18,17,16
16,16,16,16
17,17,17,16
16,20,20,14
14,17,18,17
15,18,19,16
17,18,20,16
16,18,23,16
15,18,29,15
14,18,28,16
13,17,28,16
11,18,27,15
12,18,24,16
13,17,25,15
13,16,25,16
12,15,29,19
16,15,32,19
17,13,27,17
15,14,26,17
13,15,26,15
12,15,26,14
11,14,24,14
12,13,24,15
11,15,29,14
12,18,31,11
12,17,26,11
14,18,22,10
15,18,23,9
18,18,22,10
19,17,22,7
16,19,22,5
12,20,21,6
11,21,18,6
13,21,20,7
16,20,21,8
17,22,24,7
17,22,27,7
15,19,26,7
16,19,28,8
15,20,25,9
16,21,25,7
15,23,27,9
16,22,27,9
18,22,28,9
18,21,29,9
19,21,28,10
22,19,28,8
22,23,27,9
22,21,24,9
23,21,24,8
22,21,23,10
21,19,23,9
18,18,21,10
17,20,22,10
17,20,21,10
17,22,20,10
18,19,19,13
16,19,22,11
21,16,22,13
18,15,23,12
15,18,23,13
13,18,23,15
13,22,26,14
14,25,23,11
13,24,24,12
13,24,24,10
13,21,22,11
15,25,22,12
13,26,23,12
14,29,22,15
11,31,23,13
9,31,24,11
9,31,22,11
7,29,22,10
7,28,26,13
9,28,23,13
9,29,24,14
9,31,24,15
9,32,19,14
8,33,19,16
8,32,16,17
7,33,16,16
8,36,17,15
11,36,16,16
10,31,16,19
12,29,14,23
11,27,16,23
11,25,16,24
9,24,16,24
10,29,16,26
12,26,18,27
10,26,17,25
8,26,17,29
7,24,15,26
7,27,14,28
7,25,13,30
7,25,14,28
7,26,13,23
6,28,14,23
9,25,18,23
10,25,15,21
12,23,17,16
13,20,18,18
12,21,16,18
14,22,16,17
13,21,14,14
16,18,14,14
18,21,13,11
19,24,14,10
20,23,13,10
18,22,12,11
15,22,15,11
17,24,16,9
18,23,19,11
13,25,21,13
14,25,20,12
13,21,18,12
12,27,21,10
12,27,20,9
11,30,22,9
12,29,22,10
12,30,19,10
14,31,17,9
13,30,18,7
14,26,18,7
15,25,15,5
16,26,17,4
16,27,18,4
16,22,17,5
18,21,21,5
18,22,22,6
18,26,23,6
16,27,23,9
13,27,22,8
14,30,19,8
13,30,18,9
12,30,19,9
13,28,19,10
15,30,21,10
18,33,23,10
18,33,19,10
17,33,18,10
17,26,15,10
16,28,16,8
17,24,17,10
15,26,14,12
15,26,15,14
17,27,17,17
16,27,17,14
16,29,17,13
14,31,17,12
10,32,17,10
9,30,15,9
11,29,12,8
12,30,12,9
11,32,14,10
10,28,12,10
12,24,12,9
11,25,13,9
14,26,14,8
14,28,13,8
14,29,14,6
14,30,15,5
18,29,17,4
18,30,13,5
20,30,10,5
20,29,9,5
21,24,9,4
21,24,10,6
23,28,12,7
19,27,12,6
17,29,13,8
17,30,11,8
15,25,11,9
14,26,12,9
14,25,14,7
16,25,14,8
15,25,15,6
16,27,15,7
18,30,17,7
15,27,17,7
15,27,16,7
16,28,16,7
15,27,17,7
14,26,15,6
12,27,14,6
13,26,13,6
15,25,12,7
15,22,11,12
16,23,12,11
16,24,13,11
15,23,14,10
16,25,19,9
19,25,20,11
19,21,20,9
25,20,20,10
27,21,20,10
25,19,20,10
28,17,18,9
27,19,20,9
28,17,19,9
27,16,17,9
31,14,18,9
27,17,18,9
26,17,17,6
24,20,17,5
23,20,18,7
23,18,18,7
24,20,19,8
24,18,21,8
24,18,22,7
21,22,22,7
20,23,22,7
20,19,21,7
17,21,22,7
19,24,24,9
20,23,24,7
22,23,20,7
24,21,19,6
26,22,15,5
28,21,15,4
29,20,16,4
24,23,18,3
24,20,20,3
24,21,24,3
20,21,27,3
22,22,23,2
22,25,23,2
21,23,23,3
21,22,25,3
18,24,22,3
18,25,22,2
17,25,22,2
17,24,24,1
18,25,24,2
20,27,26,3
18,28,25,3
13,28,22,4
15,29,22,3
13,26,24,3
15,26,24,3
16,26,25,3
19,26,21,4
19,27,21,4
18,27,17,4
20,26,14,4
22,23,13,6
22,22,13,4
17,20,15,5
18,20,13,5
16,23,14,5
17,22,12,5
17,19,13,6
20,20,12,8
18,24,10,7
21,23,9,7
19,26,8,7
15,24,9,7
16,26,10,7
13,23,10,9
15,23,12,10
18,28,9,10
20,27,12,8
20,28,11,11
22,32,12,9
16,32,12,8
16,33,11,9
15,34,12,8
18,35,11,8
17,33,15,8
19,32,13,8
20,29,11,8
18,30,11,11
19,30,8,13
19,30,10,17
20,32,9,15
19,35,8,14
21,33,8,13
25,32,8,10
24,33,7,10
23,32,7,11
24,31,8,14
23,28,9,14
21,26,11,14
21,27,11,14
20,30,11,13
19,32,13,11
20,32,7,11
20,33,7,10
20,34,8,11
17,32,9,12
17,29,9,12
17,27,10,9
19,28,9,9
18,26,10,8
16,27,9,9
17,29,10,9
18,30,11,5
20,31,12,5
23,29,11,6
20,30,12,9
20,32,11,9
19,32,11,10
18,30,11,8
18,31,10,10
22,32,7,8
23,35,7,8
22,31,8,7
24,32,8,5
23,34,9,6
20,36,7,6
23,35,6,7
22,35,6,6
23,32,6,8
25,33,4,9
26,36,5,5
28,36,5,4
